# Perkalian Matriks
## Matriks A
    [7, 2, 5, 4, 5]
    [6, 4, 2, 5, 9]
    [3, 1, 4, 3, 8]
    [4, 3, 2, 1, 5]
    [5, 4, 3, 2, 1]

 ## Matriks B 
    [9, 5, 2, 4, 3]
    [2, 1, 3, 4, 5]
    [3, 2, 1, 4, 5]
    [7, 6, 3, 1, 5]
    [6, 4, 1, 9, 1]

## Matriks AB
    [140, 91, 42, 105, 81] 
    [157, 104, 50, 134, 82] 
    [110, 74, 30, 107, 57] 
    [85, 53, 27, 82, 47] 
    [82, 51, 32, 59, 61]